3754690872
4569163
1325025
2478184
2534782
2620667
3185069
4527353
8940130
16534412
42123726
47208513
69549968
94850555
104511798
111654877
112242885
128523705
132603703
136717136
147432517
150421582
151412383
153047323
153797003
157337154
166974748
198462750
201100390
208117216
217545620
221287952
226226342
243673012
260644416
264079383
267830625
270449871
272799901
278307274
282921340
283552192
287880258
288637684
289626206
304027600
309482476
309991546
312059063
320259914
328425486
333484160
338257811
338718979
345772046
346293862
354154800
354965305
356703044
363500351
367639582
368609604
368992072
388938027
398054428
405941131
411382261
420815673
429240907
436546195
440826845
442097486
445666177
447302130
460286693
464923113
486337958
491412647
493380147
498360318
501797987
506026868
511168438
529092164
532912950
536989436
539213558
540034243
542055282
543037635
544192224
547998322
558306512
560531271
563992329
581821756
582257034
582401784
605347209
605671473
607109476
607849505
617768924
621632798
634588749
638636256
640070484
645617261
647925333
654119036
661637003
670946729
671719617
678887992
683984677
688596194
690819132
692233833
694300977
696452287
704762804
706552164
720756485
737878211
748754933
752213712
764584540
769217317
778333787
778778321
779235080
816755479
820233965
828143106
831743313
831753530
835376041
836034536
844128888
845156526
847895535
860515689
862490617
863857174
866158957
869123039
882808927
888897103
892498146
892679421
898882871
900601419
911239217
912499826
932059450
934744914
952084941
960885668
961168604
965054051
969185475
976492868
977046331
977647161
982127675
1007269872
1010468047
1021730493
1029849476
1034349240
1040389531
1045432482
1046338995
1047560391
1047712222
1048222756
1049230904
1050454792
1059462197
1065831024
1068058364
1073972968
1077993576
1079782485
1082318129
1085242021
1085386782
1086898116
1088928535
1100485177
1102207991
1108141455
1108188114
1121610082
1123078658
1127029560
1130330227
1131101145
1133264703
1133457725
1135257675
1138447450
1138743708
1148005517
1151477645
1153794486
1156397070
1156758823
1157726216
1158648588
1160988889
1168822770
1171246331
1172336513
1173073026
1174078929
1178451169
1178603669
1183475751
1184724319
1185302658
1185396270
1186677759
1189174609
1191200519
1198581263
1198842753
1202112099
1204785308
1207380570
1208332764
1209118654
1209226927
1223760003
1224705980
1229544290
1235220651
1235793318
1236812338
1237781759
1247733271
1250005668
1253588311
1254866771
1259331112
1262920682
1268393524
1279206185
1288899358
1292107053
1293551493
1297507261
1303327757
1303583013
1312931698
1319452458
1319660846
1322017129
1324331119
1325347788
1327149471
1331042103
1341239462
1352624767
1354488631
1356127156
1358863147
1358978905
1366968496
1367138846
1373750044
1376995612
1380216187
1385640725
1387550453
1391051776
1392339569
1400858444
1414987531
1418987481
1420799324
1422074639
1423337837
1424963770
1431360352
1431432445
1432925827
1433338097
1435410458
1436483709
1440357334
1445519677
1449929054
1451441940
1456578718
1458482675
1467387880
1468931678
1471057621
1472373736
1472921402
1478059080
1478780912
1479015592
1485306113
1485516808
1492860953
1493249730
1496848229
1496951230
1498388260
1506687882
1506731117
1509884766
1513698195
1514413602
1516647083
1518514907
1529339209
1534566958
1535830170
1536785845
1539197271
1548954691
1553163705
1556168743
1556833074
1560498022
1571826787
1573523617
1574132084
1576174587
1579830905
1580119007
1580908576
1584369913
1584902674
1589388886
1591116278
1591954374
1600200611
1600293636
1601013948
1604159937
1611746753
1614792229
1618008570
1618279398
1618760980
1620008642
1621601634
1623290093
1627140218
1627339135
1631246335
1631891169
1643871123
1649109678
1650275798
1656718730
1659973275
1666262168
1667680639
1668572353
1674057775
1676833610
1691714776
1694374592
1696291455
1697104429
1697208331
1697991375
1699508717
1700080547
1710827706
1713294558
1719692528
1720805044
1722511095
1723314869
1733700410
1733812181
1736811441
1737312694
1738913928
1742177759
1742659315
1744540476
1748367770
1751231430
1752988353
1755082040
1758081793
1760238143
1760942208
1772140789
1773705922
1777699358
1783726753
1785215554
1786202807
1787307432
1793785130
1795461343
1797959766
1801170754
1803086407
1807983939
1808417172
1809147941
1809644228
1809976417
1811386187
1812929620
1824615290
1826555901
1833700014
1837135593
1838153773
1846694823
1847933638
1854344215
1855054445
1859797171
1861645263
1866110530
1867782964
1883032143
1885765746
1886938209
1887247841
1888198571
1889507209
1890372416
1894068939
1899703847
1901082747
1901812694
1903742049
1906992800
1907111183
1919844253
1920124552
1920377782
1921301455
1921895184
1922804477
1927622534
1930525455
1933540946
1946585266
1946715174
1948386686
1952662559
1962716929
1964991622
1967255053
1970185729
1971002905
1977826047
1984984283
1988660719
1989108066
1989821333
1993282465
1994196460
1999878808
2000199390
2002735228
2002959904
2003143322
2011518615
2011956241
2025254031
2035412003
2038455754
2040383560
2045213926
2048346759
2050774258
2053178439
2066429746
2209032087
2218050113
2224277994
2226084707
2226786764
2232873493
2235449887
2237553812
2242632748
2243348975
2252910647
2255835656
2258910359
2262150108
2282056214
2289197210
2292105846
2296789801
2311333052
2313392257
2318206321
2320548997
2328528797
2336373775
2336861900
2338686726
2340704986
2342535823
2349214915
2358794245
2365746178
2369097085
2372208998
2373647285
2378300597
2382456948
2384228499
2386184101
2388731424
2392984317
2394760910
2399114524
2402780673
2403795749
2404235080
2404374366
2404782380
2405255238
2408802971
2422303569
2425670716
2427437809
2430237853
2434230777
2434710220
2434777064
2435926186
2445003045
2459183227
2460321650
2465399358
2475981903
2478142328
2480639067
2480766522
2482812599
2485744497
2490677570
2495113843
2501082005
2501920573
2509062497
2512545339
2514688250
2517484999
2520686142
2525333824
2530499877
2532797403
2534916651
2536275957
2537057978
2537754275
2540201068
2545508028
2547550570
2549416726
2552099081
2554753527
2577351881
2579380911
2579973654
2582344254
2584520029
2590540930
2593728424
2594412038
2595218069
2595504886
2595614783
2598887028
2599658503
2602823462
2608112017
2609667959
2612865940
2624748137
2626378337
2626555608
2626900083
2637404585
2637968133
2638187365
2639103395
2645503601
2668935817
2677067386
2682558909
2683235054
2685460445
2687355553
2689955843
2691360477
2691613381
2693348643
2694797011
2697611175
2700674945
2702403403
2707804409
2707917392
2713857491
2716306996
2725934161
2728165676
2731632480
2732600254
2735783992
2743655005
2745341746
2749952166
2750175107
2752646811
2756069337
2756410966
2760817647
2761155563
2764066182
2764926074
2765759181
2766709114
2769266552
2770792070
2777211916
2782310347
2785249251
2787072536
2788171808
2789071897
2789988833
2792308865
2794249247
2797303278
2805764567
2806192117
2808566241
2808916942
2816004955
2821337815
2821359527
2824295662
2826132189
2827817235
2827988516
2828574996
2831495515
2831735186
2832298313
2836971071
2847106716
2850074249
2858618468
2866786723
2873854000
2874235780
2876291638
2878546420
2881464673
2905355083
2908031844
2909750229
2914089397
2922704529
2925865106
2928404212
2935767924
2937501233
2939599013
2945665880
2948769868
2952960643
2961304740
2969734749
2970326030
2970908428
2990820836
2996301415
3000488834
3004567767
3009008457
3014205111
3014824674
3015353786
3017913031
3018256832
3020244335
3022082449
3027307506
3029387067
3040849248
3042948490
3043109333
3044948617
3049295551
3052909557
3060384289
3061354271
3065885555
3066721894
3067061948
3067590456
3070573702
3071454755
3078959718
3093353429
3094527645
3101266219
3106425174
3117046860
3130222635
3131254777
3138558210
3139179030
3141145385
3142596957
3148428427
3149884738
3151726823
3152807920
3153416208
3156535151
3158874978
3159096675
3168070204
3170042857
3170055332
3170475626
3171452364
3171588904
3172754189
3173473857
3177007289
3187087019
3192167215
3196517617
3198393709
3211577191
3213448115
3217087621
3219847138
3222146725
3226029968
3226706097
3232951053
3235547429
3237959154
3243507456
3244158028
3244181647
3244941511
3249007440
3249578748
3254963112
3263114660
3265383228
3266754495
3270811992
3271482015
3283139578
3286371794
3297964431
3298555442
3300557428
3304924171
3311959251
3312080457
3313984523
3314853039
3317803288
3319595686
3324968639
3325434788
3325755561
3327850874
3327858336
3329401260
3330355320
3333358911
3351263552
3352916427
3354973469
3359989716
3361609111
3366842919
3377386187
3381869061
3385604780
3396935279
3400602209
3402473336
3403483386
3403577400
3411605607
3412976412
3414928582
3415873741
3416324909
3419690188
3425496546
3431373578
3432887113
3435730323
3441885781
3442381146
3444347536
3446702647
3448916773
3452758733
3459241064
3460163522
3461257397
3465719756
3467082900
3475579227
3476327287
3477091125
3477790994
3478737586
3479810507
3482839168
3485791596
3490943966
3492413202
3497503146
3501229332
3502067449
3509922639
3510659108
3512719888
3517860078
3523529728
3523551439
3523964108
3528117545
3532072634
3533801157
3534811171
3535297339
3538460137
3546534632
3554082137
3554527353
3571297546
3571715682
3573083053
3575171842
3577478448
3582057745
3583228428
3591654280
3593122229
3595067488
3600125646
3600654793
3601785152
3605497476
3605678600
3607469962
3607713493
3609191294
3612237258
3625438435
3626227891
3631686210
3632851552
3633561051
3634949028
3642637882
3643404080
3647925387
3652139552
3652347796
3658249166
3658900104
3660131494
3665611289
3666479919
3669217683
3675148320
3678020227
3682611361
3687800578
3688716035
3696181675
3699279949
3700895641
3706137463
3715435970
3717643755
3725329762
3725822637
3727841077
3732533626
3736621673
3737123563
3738928326
3740860496
3741356327
3742057119
3743754045
3748330656
3764495142
3765131806
3766922019
3767141388
3771485514
3772124396
3774005190
3776947610
3780392931
3781582068
3785298478
3786381302
3787283130
3794736789
3795488407
3798658029
3804950653
3807009554
3807619393
3811755749
3813999266
3816725967
3820478768
3821854514
3822159586
3823004866
3827086678
3834418818
3834907643
3834987712
3838687007
3844388782
3845710414
3847798850
3851256293
3853450994
3857890514
3861071034
3863512364
3864397373
3865404466
3871591961
3876624202
3880318349
3881993598
3883410834
3902373777
3903204429
3911233899
3913602816
3916851641
3925143705
3925314739
3926902313
3930516244
3934860425
3936213485
3936636026
3939727576
3941384226
3942294810
3947177292
3951157993
3962994711
3963271169
3978646126
3980211172
3981220951
3984530584
3986090554
3986111407
3986509316
3987888180
3988106446
3988365547
3991634551
3994760294
3997186379
4000389343
4004315925
4006290331
4008832864
4012469827
4015752866
4020957378
4029140923
4037402557
4037482035
4039068713
4045071276
4045341843
4047033570
4049143274
4054984382
4056103491
4056153871
4063482766
4064519859
4065749620
4065775544
4066408702
4069957412
4078364986
4079700980
4086007467
4086639877
4088171390
4089992604
4090348267
4093962494
4099415124
4115160454
4119091997
4120243748
4121928027
4123152113
4124696802
4124886897
4125101079
4128199879
4133899239
4134265248
4136200121
4138906227
4140984257
4143522843
4149523791
4158870663
4159532060
4164372907
4172004824
4173792955
4175754064
4176749386
4177770653
4181750080
4181934583
4185531939
4187232354
4194314395
4195512297
4200444646
4200828421
4204806614
4213409352
4236789777
4238314148
4238894918
4243961467
4245079083
4245341913
4247222326
4254180818
4254679642
4263212338
4263739745
4263989185
4266940151
4274183060
4279845225
4280362852
4281681957
4282767876
4289591697
4292135176
4296440441
4298271895
4306097374
4309950962
4313218580
4317763422
4320999132
4325965413
4326408837
4329127730
4332211379
4336179563
4337982290
4340567606
4343765646
4348789913
4349150794
4365263013
4366232577
4367743402
4374395320
4376198103
4376755457
4402273445
4405486684
4416305686
4417137703
4418282650
4421049375
4425770036
4426896806
4427188641
4428470244
4431592936
4451252321
4453329188
4453507891
4454912123
4458393137
4458769258
4462338878
4466944311
4469469028
4471128257
4474178831
4476918565
4477052931
4479123325
4481107673
4484316612
4488177068
4490444647
4493217192
4516914610
4524866721
4527564760
4530051671
4539240173
4546268672
4555177898
4557721972
4560063567
4560961148
4563529003
4564615908
4569382837
4571624342
4575005645
4578181507
4583378335
4585995720
4587016910
4588459556
4591891203
4591914971
4592264513
4597224633
4598083712
4599688685
4604774776
4606277487
4606317286
4609849430
4610173878
4612217123
4612218675
4612614716
4614077055
4614409787
4615121717
4617770248
4618672307
4620144399
4621578329
4622479981
4626039683
4626708517
4638426378
4639248214
4639373339
4642133805
4643555459
4661607918
4664442141
4667508658
4671997223
4672104535
4672932169
4676170323
4685127934
4685188273
4685669631
4686965230
4690481636
4690751788
4693558810
4693712768
4693876931
4694385436
4700043236
4708273469
4710382005
4711230572
4712406491
4714793915
4716528471
4718390649
4722135706
4722897325
4727379966
4728609667
4730776594
4733678809
4734728557
4737319145
4739597836
4740146519
4749012026
4752305561
4755618504
4760812964
4761178922
4764606043
4765063085
4767406534
4777944193
4779813669
4782170994
4782186267
4785242070
4785461582
4790638097
4793219954
4810649291
4817076710
4828638856
4829026123
4833255171
4838506229
4839792761
4842228523
4854760269
4862287629
4863381707
4864622083
4865412744
4865918643
4866967495
4867154324
4882600810
4893605579
4894750222
4896788415
4904516594
4907698850
4907754340
4910708970
4915834644
4916833074
4918005219
4920568630
4922357776
4929143631
4929329136
4931642065
4933124059
4933166493
4936313062
4942648252
4943776789
4951761594
4963665323
4966045483
4970341362
4970779523
4973746442
4982075977
4982502774
4991957708
4993989822
4996782440
4997415501
5000918117
5001088233
5005321330
5018334956
5024686899
5033129529
5033933017
5035731354
5040141948
5048352842
5049598823
5059689490
5060492531
5066293358
5083045409
5086069335
5087388199
5091062117
5092353825
5093647190
5094052524
5096184558
5109368208
5110807795
5111011552
5112273630
5112331001
5117764735
5119183676
5123069963
5126446698
5128615937
5132656121
5134156611
5142101756
5146953666
5148847286
5148858916
5151368915
5153271620
5155452985
5155766222
5156644056
5157154872
5164888214
5165444835
5176981293
5177937166
5181292099
5181303802
5184498243
5200339578
5208772317
5209017419
5213744056
5215045840
5221134494
5224995589
5225435033
5239710662
5249447308
5251887315
5255228292
5262515605
5264471236
5268876808
5275884347
5276487396
5282768131
5285975738
5286941348
5291102230
5294472566
5295496346
5298469837
5299628308
5301875361
5315162258
5319518201
5325569786
5326002898
5328998963
5329188962
5339070954
5341337157
5341997064
5348032390
5349538111
5351883174
5352674094
5360750273
5370357176
5381644039
5384450541
5392331323
5393782064
5394416992
5399722572
5402835425
5403293899
5405579880
5405940002
5410746700
5417576693
5430151328
5431988754
5435968701
5439980816
5440053182
5445332221
5445942910
5451088698
5454495482
5455137890
5463032724
5464713612
5468775190
5471449004
5472053229
5472115025
5474320592
5484796923
5495184697
5495764363
5496666959
5498631536
5505115419
5509300282
5513997529
5529398089
5529488064
5531950688
5532041637
5532393746
5532655906
5554607586
5555240797
5557850314
5559563607
5561392417
5562801421
5572388430
5572938293
5573132607
5582925778
5588444961
5588929535
5590313456
5592347393
5595795680
5607653862
5616902703
5621258061
5625293858
5630296438
5637283356
5640911846
5644440694
5653391368
5655239651
5657759477
5661732176
5663064573
5663576732
5663939181
5669616390
5679223958
5691775505
5693204030
5697435727
5698724178
5700053259
5702237525
5708270047
5708702351
5717673480
5718447287
5718527416
5721425464
5725741565
5729309719
5741325111
5743704431
5747099638
5747495900
5748002636
5748767412
5748847217
5750313542
5767720809
5769281230
5774443483
5779912851
5781123401
5783111984
5784982975
5791422329
5792819485
5796743269
5796981811
5801571484
5803811105
5808677258
5814150930
5823220268
5824118934
5827954058
5832824100
5837553497
5842801165
5844439844
5845504852
5847507930
5851136188
5852277535
5862639215
5865031197
5867501596
6000271791
6001020172
6001251416
6003302641
6005162795
6013740642
6024243527
6032218459
6033094954
6042554122
6042687393
6050218171
6051421500
6057204892
6061137506
6064492406
6064647307
6066493568
6068799221
6074939526
6085775854
6089391566
6094701977
6095117697
6095943197
6096157768
6099797527
6100227651
6101157023
6112080525
6115408904
6120595029
6121528941
6122416385
6122656757
6130700427
6136423762
6150185192
6165241590
6169201779
6169617177
6170674175
6170820222
6174486353
6192669090
6192875490
6198151027
6202780242
6205381404
6218500364
6218615271
6228459700
6230441652
7002897853
7012302074
7018021903
7020001875
7020332561
7034090633
7037546894
7043272756
7051262684
7054689406
7060223832
7062661086
7073475293
7077376064
7079928926
7080727109
7085982306
7087733815
7088907386
7089246637
7090259438
7091947642
7093366544
7095608659
7096579352
7099945416
7103283442
7108083998
7111100686
7113029872
7115067042
7129938207
7136798143
7137297832
7140089653
7140286782
7147761784
7150989858
7160290256
7168196797
7174711397
7179625264
7180118576
7184012302
7192059408
7195917799
7207680455
7209249315
7212283104
7214203849
7217021014
7219744082
7221944167
7224864668
7232144340
7235058656
7237868019
7243935820
7254941078
7262705505
7262932263
7266497428
7267466644
7267539847
7268417785
7270913809
7276985653
7282449691
7282907007
7287211835
7300126456
7314087347
7316650613
7317600515
7317876365
7325368404
7329061588
7330639929
7341626035
7359473708
7363222908
7371986974
7372947516
7373193160
7377162179
7377761938
7380269856
7383003842
7383491503
7386061444
7392348595
7403985460
7405186623
7410224386
7414316866
7415731258
7416329541
7419876496
7423159476
7425277613
7425913015
7426786904
7427776939
7432178792
7437633940
7440276748
7442241099
7448273237
7451057414
7453337164
7454073291
7461340874
7464550802
7468236917
7489351686
7490602130
7497544083
7498524684
7501434530
7518376670
7526769627
7531540002
7534035671
7554329221
7554489253
7554722039
7555562518
7558299033
7565586535
7568897756
7576153658
7576900936
7584347478
7590025579
7596775370
7603882679
7608659373
7618979518
7624930073
7625753289
7626668626
7633593472
7636223418
7642481671
7654071518
7659347455
7659971836
7661321301
7661487370
7668073434
7671002735
7674902936
7675765341
7677551893
7679883817
7687173314
7704113325
7704393111
7717672421
7719562984
7729844963
7731877192
7738213390
7743720097
7749107596
7751808260
7751818958
7756034828
7766376366
7768478346
7771255802
7782374438
7783146445
7790315131
7809460685
7811544246
7815078186
7815397570
7815811794
7820361201
7821878400
7828445668
7846152535
7849722344
7853200443
7854921824
7864820237
7867267938
7872234439
7881553384
7882859251
7889121155
7894315553
7898276818
7907087427
7913812920
7917492180
7933426968
7935855591
7937565494
7938570281
7950213931
7956946085
7959017840
7960516141
7968470588
7969241180
7976783116
7983771330
7987870231
7993794861
7995213438
7999971617
8003348285
8009432873
8015954187
8016205412
8019849309
8022652447
8025017215
8026574981
8030913297
8036358991
8052613032
8052617631
8057138260
8061509864
8063336872
8067250479
8071023949
8071564920
8072871534
8076194417
8081146755
8083606578
8089629557
8090846137
8094858586
8100511778
8108552319
8108890265
8110259373
8110721163
8118034760
8132178684
8133370518
8133906818
8135830009
8147808986
8148969865
8153037608
8162747329
8172203741
8178229238
8182510650
8182675953
8184563786
8201248199
8202188784
8209363396
8210331244
8211581732
8241004822
8241708957
8244192777
8251038217
8256113369
8260278494
8276165202
8277157884
8277825806
8284031929
8295254215
8299571420
8302944569
8307463335
8309019672
8312709388
8316863372
8317168844
8317730762
8332309425
8332937713
8340103590
8349488592
8356665530
8364809060
8365890057
8366310437
8374537969
8378477012
8388757627
8390933444
8396543804
8399932111
8409708337
8410255486
8416297087
8421933890
8428473903
8428666016
8441346021
8447207936
8456505575
8465227418
8465551460
8467184229
8467843619
8468555691
8472698059
8480150598
8481297423
8482392539
8483258269
8483304440
8507958851
8508650690
8510320523
8514036240
8519633116
8531694231
8533561916
8536727557
8538803037
8551496301
8565507822
8570959487
8582522330
8591263753
8605798315
8609965548
8616234050
8616521645
8616773280
8623785673
8643392094
8647163705
8651118938
8658746429
8660722292
8668592392
8676018584
8681877549
8682344692
8685825154
8687652786
8687929617
8710208220
8712445330
8712810891
8715337008
8723428581
8756522013
8765301152
8772554677
8773125123
8791008011
8792346357
8799072736
8804591258
8810754926
8821795504
8833597693
8834837441
8845722996
8846875181
8857140014
8857193105
8860824318
8872532207
8872636136
8895944501
8908415497
8909546536
8910729726
8917100455
8931867888
8932253458
8945953222
8953207625
8965870648
8974802315
8992351106
8992882962
8999317334
9006920121
9008006254
9010382117
9032705159
9032783444
9035713957
9053037373
9086782715
9090335222
9131377871
9133148506
9133729293
9160451704
9161137464
9163716562
9173032195
9173353563
9180937356
9185788847
9208652930
9256625870
9262355775
9266458223
9269669121
9275483768
9294349922
9297718303
9322492497
9330560373
9354487099
9377822942
9393573264
9399236622
9421222675
9431414586
9504471497
9510171483
9522483808
9534175107
9539315400
9542715707
9555840311
9566108983
9580878361
9586717949
9603352318
9611409703
9639981923
9640228918
9653496286
9662797126
9664259494
9674074547
9679025220
9701352709
9748268013
9751220698
9756627715
9782503360
9784014232
9784720976
9811376855
9811965627
9821350913
9825355493
9840868565
9850245181
9851540317
9852967083
9854059998
9869056319
9869789204
9879516467
9882366443
9899051242
9900761479
9920624882
9930644624
9947207471
9954946958
10007518376
10014596919
10021200635
10029296470
10034178300
10058663947
10085558897
10088030065
10115358744
10127460699
10129939290
10132369193
10138882650
10144410048
10160850695
10164139267
10195585381
10195773340
10209466983
10245474406
10269837508
10274190773
10275706965
10285811464
10286355209
10291385562
10307968613
10308138055
10310509646
10317532514
10320055699
10330218555
10350911223
10352999982
10353123044
10357346916
10376473211
10396333538
10397497195
10422928344
10447961001
10456310955
10463033258
10474526966
10494498274
10551908062
10578247471
10590218701
10590845019
10594869340
10599151184
10634734699
10644054801
10689510352
10691338666
10696307689
10710904281
10719578224
10729576508
10748503194
10761701105
10767769751
10769489913
10799102359
10805594376
10820038375
10840491929
10882085033
10887234687
10900059830
4095750560
